
### \#TidyTuesday 9-4-18 Week 23

This week’s data is fast food nutritional data. The data can be found
[here](https://github.com/rfordatascience/tidytuesday/blob/master/data/2018-09-04/fastfood_calories.csv).

First, let’s load the tidyverse library & read in our data.

``` r
library(tidyverse)
library(ggcorrplot)

data <- read_csv("fastfood_calories.csv")
```

    ## Warning: Missing column names filled in: 'X1' [1]

    ## Parsed with column specification:
    ## cols(
    ##   X1 = col_integer(),
    ##   restaurant = col_character(),
    ##   item = col_character(),
    ##   calories = col_integer(),
    ##   cal_fat = col_integer(),
    ##   total_fat = col_integer(),
    ##   sat_fat = col_double(),
    ##   trans_fat = col_double(),
    ##   cholesterol = col_integer(),
    ##   sodium = col_integer(),
    ##   total_carb = col_integer(),
    ##   fiber = col_integer(),
    ##   sugar = col_integer(),
    ##   protein = col_integer(),
    ##   vit_a = col_integer(),
    ##   vit_c = col_integer(),
    ##   calcium = col_integer(),
    ##   salad = col_character()
    ## )

First, let’s do a little bit of clean up. Let’s remove the first column
as it is uneeded. I also want to focus on only one restaurant:
McDonalds. I’m going to subset the dataframe using filter().

``` r
McDs_data <- data %>%
  select(-X1) %>%
  filter(restaurant == "Mcdonalds") %>%
  select(-restaurant, -item, -salad)

head(data1)
```

    ## # A tibble: 6 x 14
    ##   calories cal_fat total_fat sat_fat trans_fat cholesterol sodium
    ##      <int>   <int>     <int>   <dbl>     <dbl>       <int>  <int>
    ## 1      380      60         7       2       0            95   1110
    ## 2      840     410        45      17       1.5         130   1580
    ## 3     1130     600        67      27       3           220   1920
    ## 4      750     280        31      10       0.5         155   1940
    ## 5      920     410        45      12       0.5         120   1980
    ## 6      540     250        28      10       1            80    950
    ## # ... with 7 more variables: total_carb <int>, fiber <int>, sugar <int>,
    ## #   protein <int>, vit_a <int>, vit_c <int>, calcium <int>

``` r
McDs_corr <- round(cor(McDs_data), 2)
McDs_p <- cor_pmat(McDs_data)

McDs_corr
```

    ##             calories cal_fat total_fat sat_fat trans_fat cholesterol
    ## calories        1.00    0.97      0.97    0.73      0.43        0.95
    ## cal_fat         0.97    1.00      1.00    0.78      0.51        0.93
    ## total_fat       0.97    1.00      1.00    0.78      0.51        0.93
    ## sat_fat         0.73    0.78      0.78    1.00      0.87        0.72
    ## trans_fat       0.43    0.51      0.51    0.87      1.00        0.46
    ## cholesterol     0.95    0.93      0.93    0.72      0.46        1.00
    ## sodium          0.95    0.89      0.89    0.58      0.27        0.94
    ## total_carb      0.79    0.66      0.66    0.46      0.17        0.65
    ## fiber           0.08    0.02      0.02    0.02     -0.15       -0.02
    ## sugar           0.30    0.13      0.12    0.08     -0.03        0.23
    ## protein         0.95    0.92      0.92    0.66      0.39        0.98
    ## vit_a          -0.34   -0.29     -0.29   -0.26     -0.25       -0.27
    ## vit_c          -0.16   -0.21     -0.21   -0.17     -0.27       -0.11
    ## calcium         0.04    0.00      0.00    0.11      0.08       -0.02
    ##             sodium total_carb fiber sugar protein vit_a vit_c calcium
    ## calories      0.95       0.79  0.08  0.30    0.95 -0.34 -0.16    0.04
    ## cal_fat       0.89       0.66  0.02  0.13    0.92 -0.29 -0.21    0.00
    ## total_fat     0.89       0.66  0.02  0.12    0.92 -0.29 -0.21    0.00
    ## sat_fat       0.58       0.46  0.02  0.08    0.66 -0.26 -0.17    0.11
    ## trans_fat     0.27       0.17 -0.15 -0.03    0.39 -0.25 -0.27    0.08
    ## cholesterol   0.94       0.65 -0.02  0.23    0.98 -0.27 -0.11   -0.02
    ## sodium        1.00       0.76  0.01  0.39    0.97 -0.27 -0.06    0.03
    ## total_carb    0.76       1.00  0.32  0.69    0.64 -0.42 -0.09    0.16
    ## fiber         0.01       0.32  1.00  0.22   -0.04  0.46  0.58    0.26
    ## sugar         0.39       0.69  0.22  1.00    0.22 -0.13  0.22    0.07
    ## protein       0.97       0.64 -0.04  0.22    1.00 -0.23 -0.08   -0.02
    ## vit_a        -0.27      -0.42  0.46 -0.13   -0.23  1.00  0.84   -0.05
    ## vit_c        -0.06      -0.09  0.58  0.22   -0.08  0.84  1.00    0.09
    ## calcium       0.03       0.16  0.26  0.07   -0.02 -0.05  0.09    1.00

``` r
McDs_p
```

    ##                 calories      cal_fat    total_fat      sat_fat
    ## calories    0.000000e+00 1.611439e-36 2.141666e-36 1.375587e-10
    ## cal_fat     1.611439e-36 0.000000e+00 3.019002e-96 1.058593e-12
    ## total_fat   2.141666e-36 3.019002e-96 0.000000e+00 1.059984e-12
    ## sat_fat     1.375587e-10 1.058593e-12 1.059984e-12 0.000000e+00
    ## trans_fat   8.724593e-04 5.972091e-05 6.047941e-05 1.156283e-18
    ## cholesterol 1.358905e-29 2.200009e-25 2.027299e-25 1.932216e-10
    ## sodium      1.606578e-29 4.522227e-20 4.687140e-20 2.389973e-06
    ## total_carb  1.947683e-13 2.825775e-08 3.130727e-08 2.990189e-04
    ## fiber       5.588566e-01 8.665256e-01 8.673455e-01 9.001397e-01
    ## sugar       2.145896e-02 3.448459e-01 3.591918e-01 5.488373e-01
    ## protein     1.952407e-28 9.273985e-24 7.869402e-24 2.787399e-08
    ## vit_a       1.021389e-02 2.731921e-02 2.699554e-02 5.102852e-02
    ## vit_c       2.218640e-01 1.195223e-01 1.164788e-01 2.023331e-01
    ## calcium     7.888119e-01 9.948415e-01 9.894161e-01 4.364710e-01
    ##                trans_fat  cholesterol       sodium   total_carb
    ## calories    8.724593e-04 1.358905e-29 1.606578e-29 1.947683e-13
    ## cal_fat     5.972091e-05 2.200009e-25 4.522227e-20 2.825775e-08
    ## total_fat   6.047941e-05 2.027299e-25 4.687140e-20 3.130727e-08
    ## sat_fat     1.156283e-18 1.932216e-10 2.389973e-06 2.990189e-04
    ## trans_fat   0.000000e+00 3.206594e-04 3.889730e-02 2.187884e-01
    ## cholesterol 3.206594e-04 0.000000e+00 4.526942e-28 3.457301e-08
    ## sodium      3.889730e-02 4.526942e-28 0.000000e+00 6.780157e-12
    ## total_carb  2.187884e-01 3.457301e-08 6.780157e-12 0.000000e+00
    ## fiber       2.680743e-01 8.559702e-01 9.225450e-01 1.498829e-02
    ## sugar       8.235542e-01 8.405029e-02 2.868823e-03 2.311718e-09
    ## protein     2.749223e-03 4.079364e-41 7.999905e-34 1.088088e-07
    ## vit_a       6.346707e-02 3.930014e-02 3.924354e-02 9.895191e-04
    ## vit_c       3.934180e-02 4.058929e-01 6.341103e-01 5.081647e-01
    ## calcium     5.428600e-01 8.615121e-01 8.416594e-01 2.279945e-01
    ##                    fiber        sugar      protein        vit_a
    ## calories    5.588566e-01 2.145896e-02 1.952407e-28 1.021389e-02
    ## cal_fat     8.665256e-01 3.448459e-01 9.273985e-24 2.731921e-02
    ## total_fat   8.673455e-01 3.591918e-01 7.869402e-24 2.699554e-02
    ## sat_fat     9.001397e-01 5.488373e-01 2.787399e-08 5.102852e-02
    ## trans_fat   2.680743e-01 8.235542e-01 2.749223e-03 6.346707e-02
    ## cholesterol 8.559702e-01 8.405029e-02 4.079364e-41 3.930014e-02
    ## sodium      9.225450e-01 2.868823e-03 7.999905e-34 3.924354e-02
    ## total_carb  1.498829e-02 2.311718e-09 1.088088e-07 9.895191e-04
    ## fiber       0.000000e+00 9.958445e-02 7.545906e-01 3.208206e-04
    ## sugar       9.958445e-02 0.000000e+00 1.075625e-01 3.278751e-01
    ## protein     7.545906e-01 1.075625e-01 0.000000e+00 8.684180e-02
    ## vit_a       3.208206e-04 3.278751e-01 8.684180e-02 0.000000e+00
    ## vit_c       2.753005e-06 1.020297e-01 5.632314e-01 2.415306e-16
    ## calcium     4.689875e-02 5.848610e-01 9.099530e-01 7.237506e-01
    ##                    vit_c    calcium
    ## calories    2.218640e-01 0.78881191
    ## cal_fat     1.195223e-01 0.99484154
    ## total_fat   1.164788e-01 0.98941608
    ## sat_fat     2.023331e-01 0.43647097
    ## trans_fat   3.934180e-02 0.54285995
    ## cholesterol 4.058929e-01 0.86151207
    ## sodium      6.341103e-01 0.84165939
    ## total_carb  5.081647e-01 0.22799455
    ## fiber       2.753005e-06 0.04689875
    ## sugar       1.020297e-01 0.58486095
    ## protein     5.632314e-01 0.90995298
    ## vit_a       2.415306e-16 0.72375063
    ## vit_c       0.000000e+00 0.51220939
    ## calcium     5.122094e-01 0.00000000

``` r
ggcorrplot(McDs_corr, method = "circle", hc.order = TRUE, type = "lower", p.mat = McDs_p)
```

![](3_files/figure-gfm/unnamed-chunk-3-1.png)<!-- -->

``` r
#head(McDs_corr)
#round(McDs_corr, 2)
```
